2435
2437
2439
2443
2449
2455
2458
2461
2465
2469
2472
2476
2480
2482
2489
2496
2499
2503
2506
2508
2510
2514
22197
22199
22201
22203
22205
22206
22207
22208
22209
22210
22211
22212
22213
22214
22217
22218
22221
22223
22227
22229
22231
22233
22236
34410
34416
34418
34420
34426
34435
34438
34442
34443
34447
34450
34451
34453
34454
34455
34456
34457
34459
34460
34461
34462
34465
34466
34469
34472
363779
363781
363784
363785
363793
363795
363805
363810
363814
363815
363817
363824
363830
363842
363862
363866
363875
363878
363898
363929
363935
363940
363946
363951
363957
434909
434910
434913
434914
434915
708743
708751
708763
708772
708779
708799
708802
708806
708816
708821
708828
708859
708871
708882
708895
708899
731430
731435
731441
731442
731454
731464
731469
731477
731488
731519
731531
731538
731546
731553
731554
731559
731561
731564
731565
731571
731588
731593
731596
731599
731600
731602
731607
731613
731620
731622
731624
731635
731637
731640
731646
731649
731660
749107
749112
749117
749119
749130
749132
749133
749137
749140
749143
749144
749145
749146
749151
749154
749159
749163
749167
749184
749190
749194
749199
749215
749217
814151
814157
814164
814170
814182
814204
814212
814225
814247
814255
814261
814269
814280
814292
814298
814310
814328
814336
814341
814344
822366
822372
822380
822392
822394
822399
822400
822402
822405
822412
822417
822420
822421
822434
822440
822445
822457
822464
822472
822494
822502
822505
822513
845730
845763
845802
845829
845854
845884
845901
845925
846011
846046
846064
846081
846124
846137
846149
846160
846168
846196
846201
846215
846235
875487
875505
875517
875529
875550
875571
875575
875586
875590
875608
875615
875622
875628
875634
875659
875667
875673
875683
875699
875719
875721
875722
875726
887815
887816
887818
887821
887826
887829
887832
887835
887838
887841
887845
887849
887856
887858
887865
887874
887894
887900
887905
887911
921456
921461
921469
921570
921574
921578
921583
921590
921592
921598
921600
921601
921604
921605
921608
921616
921622
921627
987041
987051
987071
987080
987087
987116
987129
987134
987145
987162
987198
987214
987229
987237
987254
987265
987280
1135753
1135757
1135761
1135765
1135767
1135778
1135781
1135788
1135793
1135804
1135811
1135813
1135816
1135822
1135831
1178963
1178969
1178979
1178989
1178997
1179015
1179026
1179046
1179058
1179071
1179090
1179098
1179102
1179107
1179110
1179129
1179146
1179158
1179169
1179180
1179182
1179189
1179193
1179200
1192253
1192259
1192271
1192281
1192288
1192294
1192299
1192301
1192308
1192310
1192319
1192332
1192350
1192366
1192371
1192387
1192427
1192442
1192450
1210389
1210405
1210427
1210460
1210469
1210486
1210501
1210512
1210519
1210522
1210539
1210547
1210555
1210562
1210574
1210582
1210594
1210602
1254546
1254559
1254566
1254613
1254623
1254634
1254642
1254648
1254660
1254676
1254681
1254712
1254722
1254729
1254731
1254752
1254772
1254782
1254805
1254814
1254827
1254857
1267871
1267878
1267886
1267894
1267904
1267920
1267926
1267937
1267950
1267959
1267966
1267976
1267981
1267984
1267988
1267993
1267998
1268006
1268018
1268031
1268039
1268051
1290838
1290852
1290862
1290875
1290882
1290911
1290919
1290928
1290932
1290941
1290956
1290962
1290972
1290981
1290997
1291025
1291040
1291055
1291064
1291084
1291092
1291095
1291105
1291109
1305629
1305632
1305634
1305635
1305637
1305639
1305669
1305673
1305691
1305697
1305715
1305721
1305723
1305733
1305742
1305748
1305758
1330399
1330402
1330409
1330412
1330427
1330430
1330434
1330438
1330442
1330447
1330449
1330454
1330455
1330456
1330457
1330460
1330461
1330462
1330463
1330464
1330470
1330474
1330477
1330481
1347142
1347144
1347146
1347147
1347150
1347153
1347177
1347179
1347186
1347194
1347201
1347233
1347242
1347249
1347255
1347279
1347292
1347295
1347296
1347298
1369038
1369044
1369046
1369060
1369064
1369070
1369454
1369467
1369475
1369483
1369491
1369493
1369499
1369503
1369514
1369520
1369524
1369533
1398881
1398887
1398890
1398900
1398903
1398906
1398910
1398913
1398916
1398925
1398929
1398934
1398940
1398944
1398950
1405011
1405022
1405034
1405065
1405066
1405074
1405083
1405087
1405089
1405145
1405149
1405156
1405159
1405162
1405166
1405176
1406471
1406478
1406482
1406498
1406506
1406510
1406527
1406531
1406536
1406547
1406553
1406560
1406576
1436687
1436693
1436699
1436702
1436711
1436733
1436744
1436756
1436782
1436790
1436802
1436823
1436830
1436840
1436851
1436859
1436866
1436890
1436901
1436924
1436949
1436970
1436990
1463630
1463636
1463649
1463650
1463659
1463665
1463666
1463671
1463685
1463694
1463706
1463717
1463726
1463775
1463778
1463782
1463786
1463795
1463813
1463818
1463825
1463835
1496275
1496279
1496289
1496293
1496307
1496313
1496318
1496323
1496340
1496349
1496356
1496365
1496371
1496389
1496395
1496403
1496413
1496422
1496431
1496436
1496442
1505393
1505397
1505400
1505403
1505406
1505411
1505412
1505413
1505419
1505422
1505426
1505429
1505438
1505440
1505450
1505464
1505467
1505472
1505476
1505485
1505490
1505493
1522808
1522823
1522824
1522832
1522833
1522835
1522840
1522845
1522849
1522853
1522857
1522862
1522863
1522868
1522869
1522872
1522876
1522878
1522884
1522891
1533466
1533471
1533476
1533482
1533483
1533487
1533489
1533494
1533534
1533538
1533545
1533551
1533554
1533559
1533565
1581972
1581975
1581979
1581983
1581994
1581996
1581998
1582000
1582008
1582012
1582017
1582019
1582021
1582038
1582040
1582045
1582051
1582053
1582069
1582076
1582085
1582093
1582104
1614812
1614817
1614818
1614819
1614821
1614826
1614831
1614837
1614839
1614844
1614846
1614850
1614854
1614856
1614871
1614873
1614876
1614880
1614886
1614891
1614900
1652975
1652983
1652985
1652988
1652991
1652995
1652996
1652998
1653014
1653017
1653026
1653033
1653034
1653039
1653057
1653060
1653064
1653068
1653073
1661792
1661816
1661819
1661820
1661828
1661829
1661831
1661836
1661852
1661857
1661862
1661872
1661876
1661880
1661899
1661903
1661921
1661930
1661939
1661951
1661958
